5.838117325440e+04  1.927524913191e+36  3.492576626654e+34
5.838273948130e+04  3.587566830393e+36  9.256972816147e+34
5.838353537250e+04  9.558725718847e+36  6.879372990948e+34
5.838528313870e+04  1.109941270775e+37  8.546094732498e+34
5.838727095120e+04  1.440456010246e+37  8.969004791649e+34
5.838901394890e+04  1.512167848792e+37  1.336669067237e+35
5.838915735170e+04  1.556323947183e+37  1.358536813449e+35
5.838929115950e+04  1.548816618912e+37  1.222945828996e+35
5.838977552300e+04  1.608792377889e+37  3.252814886130e+35
5.838996312710e+04  1.517399721435e+37  1.599806731591e+35
5.839008349750e+04  1.501412405754e+37  1.288278925500e+35
5.839080205070e+04  1.483200967182e+37  1.900053738126e+35
5.839095250210e+04  1.426592708648e+37  1.359248691342e+35
5.839107690030e+04  1.431528504215e+37  1.381854574714e+35
5.839182015260e+04  1.381656231167e+37  1.580606447085e+35
5.839194643730e+04  1.384841277722e+37  1.372631575765e+35
5.839207046510e+04  1.365526082870e+37  1.411641968608e+35
5.839312221280e+04  1.285286659944e+37  1.212626578760e+35
5.839333090490e+04  1.343383469660e+37  1.199104984213e+35
5.839484531460e+04  1.132921972971e+37  1.247264618729e+35
5.839499480540e+04  1.125382091938e+37  1.270278840304e+35
5.839511787250e+04  1.147096619774e+37  1.341352652362e+35
5.839563967810e+04  1.085425449307e+37  1.742405420559e+35
5.839579465490e+04  1.059253725177e+37  1.384016278785e+35
5.839604416880e+04  1.019529977563e+37  1.310679967920e+35
5.839709639100e+04  8.607955238695e+36  1.316337540867e+35
5.839724832390e+04  8.596071120195e+36  1.748052268460e+35
5.839737068500e+04  8.476176666355e+36  1.535631007925e+35
5.839835723590e+04  6.916716892896e+36  1.172322066550e+35
5.839850973590e+04  6.008969504835e+36  1.190868818456e+35
5.839863232850e+04  5.765009137699e+36  1.813920199975e+35
5.839923725910e+04  5.716102396416e+36  1.967075974185e+35
5.839937021050e+04  5.878953159961e+36  1.059038101235e+35
5.839949109010e+04  5.141620281354e+36  1.323010392710e+35
5.840054849750e+04  5.055917747662e+36  4.237674749574e+35
5.840069806930e+04  4.786300923226e+36  2.844409758128e+35
5.840081232850e+04  4.684896491600e+36  4.024697730182e+35
5.840170087020e+04  3.650059970709e+36  3.499583758600e+35
5.840294871740e+04  3.195214364808e+36  2.607314858177e+35
5.840387583550e+04  2.624218543384e+36  1.138944751006e+35
5.840509736320e+04  2.646671251273e+36  5.328540873232e+35
5.840602530310e+04  2.116898328511e+36  4.115178001576e+35
5.840680276830e+04  2.172701178864e+36  1.004218685545e+36
5.840808112480e+04  1.522649695568e+36  5.352076869140e+34
5.840884100910e+04  1.759543467297e+36  1.051796315988e+36
5.840910896050e+04  1.580520015284e+36  6.754211717227e+35
5.841093801140e+04  1.277614993971e+36  1.453683293748e+35
5.841299007160e+04  8.396533015799e+35  1.172575054559e+35
