5.8385872000e+04  6.4296232111e+28  1.9345752110e+28
5.8387854000e+04  9.5237935564e+28  7.9832252910e+27
5.8388835500e+04  1.6827626970e+29  1.5893007769e+28
5.8390240000e+04  3.0878488646e+29  6.4231311481e+27
5.8391855000e+04  5.6240215794e+29  1.5998820181e+28
5.8392639000e+04  4.8775950282e+29  7.8612792270e+27
5.8392842000e+04  4.8401101500e+29  1.2335178566e+28
5.8393688000e+04  5.9832242497e+29  8.2764657406e+27
5.8394697500e+04  8.4850795733e+29  1.4000498431e+28
5.8395644000e+04  8.0923267217e+29  1.3486644267e+28
5.8396820000e+04  1.2205852427e+30  1.8796849449e+28
5.8399818000e+04  9.5910810033e+29  1.0635396256e+28
5.8401883000e+04  6.9710722214e+29  3.7272631388e+28
5.8404760000e+04  4.5515843711e+29  8.4834633271e+27
5.8407885000e+04  3.7269673778e+29  2.1659623386e+28
5.8410297000e+04  3.6087010491e+29  5.4099257293e+27
5.8411833000e+04  3.6040032907e+29  1.0142328783e+28
5.8417632000e+04  2.6985187352e+29  4.7360956440e+27
5.8419844000e+04  2.6390259213e+29  1.4431431026e+28
5.8422732000e+04  2.6526092276e+29  5.1504544098e+27
5.8424741000e+04  2.3816006314e+29  5.1171058091e+27
5.8426136500e+04  2.0668588416e+29  6.0271305328e+27
5.8430561000e+04  1.9276242080e+29  4.5883964022e+27
5.8432463000e+04  1.5561422145e+29  1.0632715808e+28
5.8436683667e+04  1.6331260448e+29  6.0938119006e+27
5.8440517000e+04  1.3181221820e+29  8.7616018234e+27
