5.8397396426e+04  1.1676726040e+34  4.3318753557e+31
5.8398819287e+04  2.8404429859e+34  9.7002367428e+31
5.8400515610e+04  4.3792875730e+34  5.7210145707e+31
5.8401561035e+04  4.3217589234e+34  6.8775955298e+31
5.8402142203e+04  5.6415394570e+34  6.5327804374e+31
5.8403196345e+04  4.9662216103e+34  1.6513793955e+32
5.8404199268e+04  6.6414574458e+34  1.4535640682e+32
5.8405111984e+04  6.0774715149e+34  2.0202964712e+32
5.8406117890e+04  5.8300854108e+34  2.4637572449e+32
5.8408155176e+04  5.7497284965e+34  1.9645372897e+32
5.8409561360e+04  4.9672551751e+34  7.7544569047e+31
5.8410155102e+04  5.7376172864e+34  6.3052590947e+32
5.8411683360e+04  4.1175286311e+34  5.5556187679e+31
5.8412680190e+04  4.2702185088e+34  5.1211263532e+31
5.8413086463e+04  5.4362093889e+34  1.0854851760e+32
5.8414074752e+04  5.1877539323e+34  7.9740367556e+31
5.8416104207e+04  4.8851400477e+34  2.1841300407e+32
5.8417099654e+04  4.4901343424e+34  2.4931528467e+32
5.8421112895e+04  4.2742296620e+34  2.8129329384e+32
5.8422135559e+04  3.8743527462e+34  8.8470977330e+31
5.8424431223e+04  3.1208726898e+34  6.1862603757e+31
5.8426758518e+04  2.5142354557e+34  5.3639236085e+31
5.8430109500e+04  3.0718565306e+34  6.3436543135e+31
5.8431102406e+04  2.7139029457e+34  1.5066251385e+32
5.8432099539e+04  2.6574185375e+34  8.1628660241e+31