  -1.000000      -8.289688      -5.947309      -2.762388    
 -0.9600000      -7.385919      -5.271273      -2.374721    
 -0.9200000      -6.569422      -4.659547      -2.028944    
 -0.8800000      -5.832544      -4.106941      -1.721846    
 -0.8400000      -5.168353      -3.608876      -1.450539    
 -0.8000000      -4.570587      -3.161289      -1.212407    
 -0.7600000      -4.033598      -2.760539      -1.005060    
 -0.7200000      -3.552305      -2.403318     -0.8262933    
 -0.6800000      -3.122137      -2.086582     -0.6740568    
 -0.6400000      -2.738974      -1.807502     -0.5464259    
 -0.6000000      -2.399098      -1.563423     -0.4415860    
 -0.5600000      -2.099139      -1.351841     -0.3578154    
 -0.5200000      -1.836022      -1.170386     -0.2934771    
 -0.4800000      -1.606932      -1.016812     -0.2470128    
 -0.4400000      -1.409268     -0.8889863     -0.2169393    
 -0.4000000      -1.240624     -0.7848896     -0.2018482    
 -0.3600000      -1.098756     -0.7026057     -0.2004064    
 -0.3200000     -0.9815632     -0.6403192     -0.2113581    
 -0.2800000     -0.8870752     -0.5963136     -0.2335267    
 -0.2400000     -0.8134375     -0.5689684     -0.2658168    
 -0.2000000     -0.7589020     -0.5567591     -0.3072149    
 -0.1600000     -0.7218217     -0.5582572     -0.3567896    
 -0.1200000     -0.7006458     -0.5721309     -0.4136901    
 -7.9999983E-02 -0.6939180     -0.5971454     -0.4771437    
 -4.0000021E-02 -0.7002755     -0.6321627     -0.5464522    
  0.0000000E+00 -0.7184488     -0.6761407     -0.6209877    
  3.9999962E-02 -0.7472619     -0.7281299     -0.7001870    
  8.0000043E-02 -0.7856314     -0.7872710     -0.7835478    
  0.1200000     -0.8325653     -0.8527890     -0.8706213    
  0.1600000     -0.8871603     -0.9239892     -0.9610093    
  0.2000000     -0.9485984      -1.000250      -1.054357    
  0.2400000      -1.016142      -1.081019      -1.150350    
  0.2800000      -1.089129      -1.165802      -1.248709    
  0.3200001      -1.166969      -1.254163      -1.349186    
  0.3600000      -1.249133      -1.345714      -1.451560    
  0.4000000      -1.335151      -1.440112      -1.555636    
  0.4400001      -1.424607      -1.537053      -1.661240    
  0.4800000      -1.517129      -1.636266      -1.768217    
  0.5200000      -1.612391      -1.737513      -1.876428    
  0.5599999      -1.710099      -1.840582      -1.985751    
  0.6000000      -1.809998      -1.945286      -2.096075    
  0.6400000      -1.911857      -2.051455      -2.207302    
  0.6799999      -2.015472      -2.158942      -2.319344    
  0.7200000      -2.120665      -2.267615      -2.432123    
  0.7600000      -2.227273      -2.377354      -2.545567    
  0.8000000      -2.335153      -2.488055      -2.659612    
  0.8400000      -2.444180      -2.599623      -2.774203    
  0.8800000      -2.554237      -2.711974      -2.889287    
  0.9200000      -2.665224      -2.825032      -3.004818    
  0.9600000      -2.777050      -2.938729      -3.120754    
   1.000000      -2.889634      -3.053004      -3.237058    
   1.040000      -3.002902      -3.167802      -3.353696    
   1.080000      -3.116788      -3.283075      -3.470636    
   1.120000      -3.231235      -3.398777      -3.587851    
   1.160000      -3.346190      -3.514869      -3.705317    
   1.200000      -3.461603      -3.631314      -3.823009    
   1.240000      -3.577432      -3.748080      -3.940907    
   1.280000      -3.693640      -3.865136      -4.058993    
   1.320000      -3.810189      -3.982457      -4.177250    
   1.360000      -3.927050      -4.100019      -4.295662    
   1.400000      -4.044194      -4.217799      -4.414217    
   1.440000      -4.161593      -4.335777      -4.532899    
   1.480000      -4.279226      -4.453936      -4.651698    
   1.520000      -4.397070      -4.572258      -4.770604    
   1.560000      -4.515107      -4.690731      -4.889606    
   1.600000      -4.633319      -4.809339      -5.008698    
   1.640000      -4.751691      -4.928071      -5.127870    
   1.680000      -4.870208      -5.046916      -5.247115    
   1.720000      -4.988856      -5.165863      -5.366426    
   1.760000      -5.107625      -5.284903      -5.485799    
   1.800000      -5.226503      -5.404028      -5.605227    
   1.840000      -5.345480      -5.523232      -5.724706    
   1.880000      -5.464549      -5.642506      -5.844231    
   1.920000      -5.583699      -5.761843      -5.963798    
   1.960000      -5.702925      -5.881239      -6.083402    
   2.000000      -5.822219      -6.000689      -6.203042    
   2.040000      -5.941576      -6.120187      -6.322713    
   2.080000      -6.060989      -6.239729      -6.442414    
   2.120000      -6.180455      -6.359312      -6.562141    
   2.160000      -6.299968      -6.478933      -6.681892    
   2.200000      -6.419524      -6.598586      -6.801665    
   2.240000      -6.539119      -6.718270      -6.921458    
   2.280000      -6.658749      -6.837981      -7.041269    
   2.320000      -6.778412      -6.957718      -7.161097    
   2.360000      -6.898105      -7.077479      -7.280940    
   2.400000      -7.017826      -7.197261      -7.400797    
   2.440000      -7.137570      -7.317061      -7.520667    
   2.480000      -7.257338      -7.436880      -7.640547    
   2.520000      -7.377125      -7.556714      -7.760438    
   2.560000      -7.496932      -7.676563      -7.880340    
   2.600000      -7.616755      -7.796425      -8.000250    
   2.640000      -7.736595      -7.916300      -8.120168    
   2.680000      -7.856448      -8.036185      -8.240093    
   2.720000      -7.976314      -8.156080      -8.360024    
   2.760000      -8.096191      -8.275985      -8.479961    
   2.800000      -8.216080      -8.395898      -8.599905    
   2.840000      -8.335979      -8.515819      -8.719852    
   2.880000      -8.455886      -8.635747      -8.839806    
   2.920000      -8.575802      -8.755681      -8.959763    
   2.960000      -8.695724      -8.875621      -9.079723    
